$ 1 0.000005 2.803162489452614 45 5 50
O 320 96 400 96 0
w 320 96 304 96 0
r 208 144 288 144 0 100000
a 192 96 304 96 9 5 0 1000000 1.5862123510336925 1.5862297507298873 100000
w 192 112 192 144 0
w 192 144 208 144 0
w 288 144 304 144 0
w 304 144 304 96 0
r 176 48 112 48 0 43000
r 176 144 112 144 0 43000
r 112 64 112 112 0 100
w 112 64 112 48 0
w 112 112 112 144 0
w 176 144 192 144 0
w 176 48 192 48 0
w 192 48 192 80 0
174 32 64 32 128 1 1000 0.8465 Resistance
w 80 48 112 48 0
v -64 96 -64 64 0 0 40 2.5 0 0 0.5
v -64 144 -64 112 0 0 40 2.5 0 0 0.5
w -64 144 -16 144 0
w -64 64 -64 48 0
w -64 48 32 48 0
w 32 48 32 64 0
w -64 112 -64 96 0
r 192 48 256 48 0 100000
w 256 48 256 0 0
w 256 0 -112 0 0
w -112 96 -64 96 0
r 112 144 112 224 0 300
w -112 224 112 224 0
w 48 96 80 96 0
w 80 96 80 48 0
w 32 144 -16 144 0
w 32 144 32 128 0
g -16 160 -16 176 0
w -16 160 -16 144 0
w -112 0 -112 96 0
w -112 224 -112 96 0
o 0 1 0 4098 5 0.00009765625 0 1
