
$ 1 0.000005 2.803162489452614 66 5 50
O 400 160 480 160 0
w 192 80 128 80 0
r 128 80 32 80 0 1000
w 320 96 304 96 0
w 304 176 304 96 0
w 192 176 224 176 0
w 192 112 192 176 0
r 192 176 192 240 0 1000
r 224 176 304 176 0 47000
a 192 96 304 96 9 5 0 1000000 0.09912597325364601 0.09917355372080706 100000
r 32 80 -48 80 0 1.2
g 192 240 192 272 0
r 32 80 32 240 0 0.01
w 32 240 192 240 0
v -48 208 -48 112 0 0 40 12 0 0 0.5
w -48 112 -48 80 0
w -48 208 -48 240 0
w -48 240 32 240 0
r 320 96 400 96 0 3300
r 400 176 400 240 0 6800
w 400 176 400 160 0
g 400 240 400 272 0
w 400 160 400 96 0
o 0 1 0 4098 5 0.00009765625 0 1
38 14 0 0 12 Voltage

